-8.511031977832317352e-03
-6.637128442525863647e-02
-1.896190196275711060e-01
-1.062180623412132263e-01
-2.417701929807662964e-01
-1.117236763238906860e-01
-1.971288397908210754e-02
-1.081810612231492996e-02
-1.260411143302917480e-01
3.939075022935867310e-02
-8.205344900488853455e-03
-9.310568869113922119e-02
-4.681893065571784973e-02
-3.110464103519916534e-02
-7.636607438325881958e-02
-3.342470899224281311e-02
-8.333133906126022339e-02
3.120381757616996765e-02
-8.520330488681793213e-02
-1.518778055906295776e-01
-1.825975626707077026e-01
-1.874906122684478760e-01
-1.317307911813259125e-02
4.138637706637382507e-02
-4.632263630628585815e-02
-6.234336644411087036e-02
5.427531898021697998e-02
-1.954099237918853760e-01
-4.439803585410118103e-02
-1.259221583604812622e-01
-6.857217848300933838e-02
-9.261187911033630371e-02
