-1.482431404292583466e-02
-9.259609133005142212e-02
-1.310930252075195312e-01
-9.933721274137496948e-02
-1.046306192874908447e-01
-6.518754363059997559e-02
-1.383094489574432373e-01
-7.063214480876922607e-02
-1.014281213283538818e-01
-7.625745236873626709e-02
-9.193237125873565674e-02
-9.184711426496505737e-02
-5.273320898413658142e-02
-1.357639115303754807e-02
-9.864241629838943481e-02
-9.671173244714736938e-02
-3.836374357342720032e-02
-6.775327026844024658e-02
-5.500011891126632690e-02
-1.257337033748626709e-01
-1.775631457567214966e-01
-8.220216631889343262e-02
-1.031757071614265442e-01
-3.454833477735519409e-02
-5.803724005818367004e-02
-1.477053463459014893e-01
-1.186148226261138916e-01
-5.532052740454673767e-02
-8.183515071868896484e-02
-4.181240499019622803e-02
-5.743489414453506470e-02
-3.588682506233453751e-03
-4.652663320302963257e-02
-1.209216192364692688e-01
-1.356989443302154541e-01
-1.347363889217376709e-01
-9.040436893701553345e-02
-1.385325193405151367e-01
-9.245207160711288452e-02
-7.123940438032150269e-02
-1.169397309422492981e-01
-6.723146140575408936e-02
-9.831400960683822632e-02
-8.044470846652984619e-02
-1.196844950318336487e-01
-1.688239127397537231e-01
-5.555561184883117676e-02
-1.227294355630874634e-01
-8.644136786460876465e-02
-7.867974042892456055e-02
-7.517857849597930908e-02
-1.581039652228355408e-02
-2.213021814823150635e-01
-1.322907507419586182e-01
-4.733572155237197876e-02
-8.952592313289642334e-02
-9.070968627929687500e-02
-8.109636604785919189e-02
-9.225236624479293823e-02
-1.656409800052642822e-01
-1.286873966455459595e-01
-1.110945120453834534e-01
-8.611396700143814087e-02
-6.542787700891494751e-02
