-8.194046095013618469e-03
-9.591399691998958588e-03
8.946784771978855133e-03
-2.245493419468402863e-02
-3.867148980498313904e-02
9.454515529796481133e-04
5.401838198304176331e-02
-3.876589238643646240e-02
-3.300394862890243530e-02
-7.080996036529541016e-02
-2.993979677557945251e-02
-5.455063283443450928e-02
-8.113805204629898071e-02
-5.099417269229888916e-02
-6.278183311223983765e-02
-2.534743398427963257e-02
-3.755700960755348206e-02
-6.364600360393524170e-02
5.417988821864128113e-02
-3.460623323917388916e-02
-3.188222274184226990e-02
-8.576720952987670898e-02
5.243187025189399719e-02
-9.500391781330108643e-02
2.401331998407840729e-02
-3.981496207416057587e-03
-3.778609260916709900e-02
4.964517802000045776e-02
-1.086753904819488525e-01
1.644173078238964081e-02
-5.775769427418708801e-02
-9.677844122052192688e-03
-7.750178873538970947e-02
-3.308288380503654480e-02
-6.857306510210037231e-02
-5.806826427578926086e-02
-5.158656463027000427e-02
-1.602002605795860291e-02
-6.612610816955566406e-02
-3.917271737009286880e-03
-1.362792402505874634e-02
-5.641897767782211304e-02
-1.586904563009738922e-02
-7.604297995567321777e-02
-7.301253080368041992e-02
-4.139193892478942871e-02
-3.220544382929801941e-02
-3.177091106772422791e-02
-1.135797798633575439e-01
-1.511506140232086182e-01
-1.485884562134742737e-02
-4.504559189081192017e-02
-4.820048436522483826e-02
-5.524945631623268127e-02
3.688034787774085999e-02
-2.837982773780822754e-02
-3.790200129151344299e-02
-1.501750852912664413e-02
-2.457737363874912262e-02
-7.236381620168685913e-02
-5.109835881739854813e-03
2.065911702811717987e-02
-7.034771889448165894e-02
-4.364857077598571777e-02
-8.628834970295429230e-03
1.007013767957687378e-02
-1.834921911358833313e-02
-4.413887113332748413e-02
-7.904067635536193848e-02
-5.163433775305747986e-02
-3.063199296593666077e-02
-5.494450405240058899e-02
-8.771787583827972412e-02
2.560944482684135437e-02
-1.136535629630088806e-01
-7.298418134450912476e-02
-4.654868971556425095e-03
-6.712652277201414108e-03
-7.365188002586364746e-02
-6.467584520578384399e-02
-9.350216016173362732e-03
-5.976299196481704712e-02
-6.878042221069335938e-02
-9.169234335422515869e-02
-6.847196072340011597e-02
-5.500724539160728455e-02
-9.887101501226425171e-02
-1.753383874893188477e-02
-6.804812699556350708e-02
-2.392386645078659058e-02
-8.289813995361328125e-02
-6.011614948511123657e-02
-6.431973725557327271e-02
-1.007413417100906372e-01
-2.691534720361232758e-02
-3.655482456088066101e-02
-5.798567086458206177e-02
-5.577397719025611877e-02
-1.174087971448898315e-01
-8.491880446672439575e-02
1.937406137585639954e-02
1.620030775666236877e-02
8.375292271375656128e-02
-2.835359424352645874e-02
1.566928811371326447e-02
-4.137179628014564514e-02
-5.047928914427757263e-02
2.664416097104549408e-02
8.313012123107910156e-02
-7.807575911283493042e-02
3.432759549468755722e-03
-4.388902708888053894e-02
-3.241061232984066010e-03
-4.774213582277297974e-02
7.774351164698600769e-03
-1.063904389739036560e-01
-2.619933336973190308e-02
-2.095704339444637299e-02
-9.047397971153259277e-02
-3.441815450787544250e-02
-4.278665408492088318e-02
-2.803071029484272003e-02
-4.958624020218849182e-03
-1.458484772592782974e-02
5.013948306441307068e-03
1.034410763531923294e-02
-1.199989467859268188e-01
-7.027645409107208252e-02
-7.455034554004669189e-02
3.931757435202598572e-02
-5.928947404026985168e-02
-1.542338822036981583e-02
-4.507334902882575989e-02
-9.932540357112884521e-02
-1.730409823358058929e-02
-1.947381719946861267e-02
-1.505747437477111816e-01
-7.665412500500679016e-03
-9.661249816417694092e-03
-9.551547467708587646e-02
-9.576936252415180206e-03
5.067798495292663574e-02
-5.003704503178596497e-02
-6.044176593422889709e-02
-9.530907124280929565e-02
6.560901552438735962e-02
-2.683127298951148987e-02
-9.841286577284336090e-03
1.664129458367824554e-02
1.985492743551731110e-02
5.687320977449417114e-02
-1.113031245768070221e-02
-5.461425706744194031e-02
-9.893359243869781494e-02
-7.135480642318725586e-02
-3.069884888827800751e-02
-3.479893133044242859e-02
-4.821119830012321472e-03
-7.131186872720718384e-02
-1.796014420688152313e-02
-6.749090552330017090e-02
-7.512477785348892212e-02
2.232779562473297119e-02
5.958169698715209961e-03
3.909979015588760376e-03
-1.469478476792573929e-03
-2.684425748884677887e-02
-4.067142959684133530e-03
-4.477099329233169556e-02
6.315228343009948730e-02
-1.289623230695724487e-01
3.295057639479637146e-02
-9.123022854328155518e-02
-8.620618842542171478e-03
-2.860509604215621948e-02
1.075782775878906250e-01
-2.245838567614555359e-02
-4.486814513802528381e-02
-1.682792790234088898e-02
3.351798653602600098e-02
-2.740176580846309662e-02
-4.504929762333631516e-03
-5.800491571426391602e-02
3.714542835950851440e-02
-8.190940320491790771e-02
-2.321720495820045471e-02
-2.811428532004356384e-02
-8.502913266420364380e-02
-1.124596372246742249e-01
3.580470569431781769e-03
-8.183152973651885986e-02
-1.423210650682449341e-01
-3.006588295102119446e-02
-4.822465032339096069e-02
-2.567781507968902588e-02
-8.428417146205902100e-02
-6.030388176441192627e-03
1.977726444602012634e-02
-7.464399188756942749e-02
-1.657491549849510193e-02
-1.359396576881408691e-01
-1.044172570109367371e-01
-6.258641928434371948e-02
2.214879356324672699e-02
-1.022102311253547668e-01
-7.186620496213436127e-04
-6.006337702274322510e-02
-1.036396715790033340e-02
-1.289508342742919922e-01
5.024229735136032104e-02
-6.186656653881072998e-02
-6.539703905582427979e-02
5.141592770814895630e-02
-4.407093301415443420e-02
4.682463593780994415e-03
3.559994325041770935e-02
1.464988477528095245e-02
-1.687718369066715240e-02
2.406266704201698303e-02
-1.153856664896011353e-01
-1.179995685815811157e-01
-2.993933670222759247e-02
-4.395530745387077332e-02
2.458674833178520203e-02
-6.082038581371307373e-02
-3.486268594861030579e-02
-2.446930482983589172e-02
-1.079226061701774597e-01
-1.925924979150295258e-02
-1.496300380676984787e-02
-5.356808006763458252e-02
5.851832218468189240e-03
-6.565927714109420776e-02
-4.053104296326637268e-02
-4.811251536011695862e-02
-5.623969808220863342e-02
3.614227101206779480e-02
-7.565194368362426758e-02
5.936844646930694580e-02
6.746734678745269775e-02
-2.175830677151679993e-02
6.538757123053073883e-03
-6.546497344970703125e-03
-2.366150543093681335e-02
1.482992153614759445e-02
-9.086482226848602295e-02
-3.120212629437446594e-02
-5.083853751420974731e-02
-7.181072980165481567e-02
-5.013816431164741516e-02
-2.210647799074649811e-02
-3.920757398009300232e-02
-1.126375347375869751e-01
9.650614229030907154e-04
-7.315683364868164062e-02
-2.680873870849609375e-02
-7.711461186408996582e-02
-8.844799548387527466e-02
-1.071136966347694397e-01
-1.205750647932291031e-02
-7.340406626462936401e-02
-3.803929686546325684e-02
-6.856269668787717819e-03
-5.230191349983215332e-02
-5.861571431159973145e-02
-5.088202282786369324e-02
-4.085364285856485367e-03
-2.171729877591133118e-02
-1.260282397270202637e-01
1.745968358591198921e-03
-1.078913360834121704e-01
-7.199737429618835449e-02
-3.623823821544647217e-02
1.436329260468482971e-02
-5.655974149703979492e-02
2.182017080485820770e-02
-1.343751884996891022e-02
1.297687925398349762e-02
-7.702846080064773560e-02
-2.248486503958702087e-02
-2.040509320795536041e-02
-3.400907665491104126e-02
-8.267117291688919067e-02
-2.616673149168491364e-02
-9.157358109951019287e-02
-8.210641145706176758e-02
-2.333389408886432648e-02
-9.043537825345993042e-02
-9.750102460384368896e-02
-8.225712925195693970e-02
-4.138784855604171753e-02
-1.691041700541973114e-02
-6.771440058946609497e-02
-3.764235600829124451e-02
1.136564277112483978e-02
-1.965692639350891113e-02
-5.904384306631982327e-04
-2.483368851244449615e-02
-7.160812616348266602e-02
-1.014365404844284058e-01
-4.392526671290397644e-02
2.025811932981014252e-03
-7.202174514532089233e-03
-1.211417838931083679e-02
-9.495808929204940796e-02
-8.311213925480842590e-03
-1.253382582217454910e-02
-1.201418489217758179e-01
-1.739196479320526123e-03
-8.636214584112167358e-02
-2.782014757394790649e-02
-5.772593244910240173e-02
8.878176100552082062e-03
-3.939970955252647400e-02
5.100095178931951523e-03
-8.279865235090255737e-02
-9.474236518144607544e-02
3.846680978313088417e-03
-2.841977588832378387e-02
-6.477569043636322021e-02
-2.631364017724990845e-02
-6.694622337818145752e-02
2.598695084452629089e-02
9.346946142613887787e-03
-4.899178817868232727e-02
-1.674209721386432648e-02
-6.378298252820968628e-02
-7.096907496452331543e-02
-3.939136117696762085e-02
-2.917755022644996643e-02
-1.773209869861602783e-02
-1.650002785027027130e-02
-4.206790030002593994e-02
-4.672242701053619385e-02
-1.597168296575546265e-01
-4.168782383203506470e-02
-4.936323687434196472e-02
-2.848013490438461304e-02
-8.441182225942611694e-02
-8.162106573581695557e-02
-7.451531477272510529e-03
-5.820067599415779114e-03
-3.876617923378944397e-02
2.948744222521781921e-02
1.824224181473255157e-02
-4.202721640467643738e-02
-9.933669865131378174e-02
-6.129353120923042297e-02
-1.294398456811904907e-01
-1.146580427885055542e-01
-3.995077311992645264e-02
-7.882703095674514771e-03
-4.109186306595802307e-02
-6.016213819384574890e-02
-1.071617286652326584e-02
-2.963707037270069122e-02
-1.297055333852767944e-01
-8.241614699363708496e-02
-2.719933167099952698e-02
-8.389780670404434204e-02
-7.931391894817352295e-02
-2.826261520385742188e-02
-1.320690959692001343e-01
-1.033877655863761902e-01
-7.247026078402996063e-03
-6.140645220875740051e-02
-8.692704886198043823e-02
-5.666895210742950439e-02
1.334939384832978249e-03
-5.030295997858047485e-02
-8.784463256597518921e-02
2.601600065827369690e-02
6.965900212526321411e-02
-4.785053804516792297e-02
-9.959913790225982666e-02
-4.128676280379295349e-02
3.407891839742660522e-02
-3.398854285478591919e-02
-3.547345474362373352e-02
-1.440937817096710205e-02
-3.131398931145668030e-02
-1.073200702667236328e-01
-8.788512647151947021e-02
1.902396441437304020e-03
-9.363097697496414185e-02
-9.549181908369064331e-02
-1.745009422302246094e-02
-2.154602482914924622e-02
-2.458017505705356598e-02
-6.788755953311920166e-02
-1.895317435264587402e-02
-6.069320812821388245e-02
-4.142914712429046631e-02
-1.914035156369209290e-02
-6.523621827363967896e-02
-4.248845577239990234e-02
-1.392509490251541138e-01
-2.141484431922435760e-02
-5.677401646971702576e-02
-3.941803704947233200e-03
-1.899939589202404022e-02
-9.208831936120986938e-02
-1.618621498346328735e-02
3.884093370288610458e-03
-7.869585417211055756e-03
-5.109436437487602234e-02
-5.952421948313713074e-02
-6.681621819734573364e-02
1.155176293104887009e-02
-6.449199467897415161e-02
-1.880868896842002869e-02
-2.487051114439964294e-02
-9.068349748849868774e-02
-1.308495178818702698e-02
-3.594784066081047058e-02
-7.344385143369436264e-03
-2.207959815859794617e-02
-3.323967382311820984e-02
-2.200579911004751921e-05
-3.604509308934211731e-02
-1.408685147762298584e-01
7.257407996803522110e-03
-1.121758818626403809e-01
-9.728299453854560852e-03
-2.038353867828845978e-02
-2.549071237444877625e-02
1.366013567894697189e-02
1.538434904068708420e-02
-7.153185456991195679e-02
-5.761769413948059082e-02
2.983696758747100830e-02
-1.201155246235430241e-03
6.305482983589172363e-02
-4.132213443517684937e-02
1.877638511359691620e-02
-6.427932530641555786e-02
-2.345147542655467987e-02
-3.475846722722053528e-02
-3.774420544505119324e-02
-9.020566940307617188e-02
-3.032928332686424255e-02
-2.816527336835861206e-02
-7.597853988409042358e-02
-2.332988567650318146e-02
-8.061483502388000488e-02
-1.461809314787387848e-02
-4.134871810674667358e-02
2.599831111729145050e-02
5.422238260507583618e-02
-1.337720602750778198e-01
1.579699851572513580e-02
6.907240953296422958e-03
-3.359426744282245636e-03
-5.648009106516838074e-02
-7.064831256866455078e-02
7.863952778279781342e-03
-3.498892486095428467e-02
-2.450013905763626099e-02
2.032214030623435974e-02
-3.674821928143501282e-02
-5.946113914251327515e-02
-1.349466443061828613e-01
-6.237027049064636230e-02
-5.536098778247833252e-02
-4.995102435350418091e-02
2.803108841180801392e-02
-5.565751716494560242e-02
-3.671113029122352600e-02
-2.714100107550621033e-02
5.786992609500885010e-02
-1.329473312944173813e-02
-2.038334496319293976e-02
-9.436888992786407471e-02
-7.431263476610183716e-02
-3.940227627754211426e-02
-1.138825714588165283e-01
-1.828635297715663910e-02
5.296008288860321045e-02
-5.982682853937149048e-02
2.211729250848293304e-02
3.399284183979034424e-02
-1.024040207266807556e-01
1.218387931585311890e-01
-1.447816658765077591e-02
-5.738529376685619354e-03
4.019676893949508667e-02
-5.996271967887878418e-02
-3.369031473994255066e-02
-3.622683137655258179e-02
1.112792268395423889e-02
-1.126644089818000793e-01
-1.890162937343120575e-02
-1.043736785650253296e-01
-7.862495630979537964e-02
-1.022840291261672974e-01
-1.570160314440727234e-02
-8.576933294534683228e-03
1.485831569880247116e-02
-3.326148167252540588e-02
-8.727110922336578369e-02
-8.432424068450927734e-02
-1.024760007858276367e-01
-2.872956357896327972e-02
-9.360656142234802246e-02
6.527353823184967041e-02
-1.139768119901418686e-02
-4.974696412682533264e-02
-3.054446913301944733e-02
-3.480378538370132446e-02
1.202096231281757355e-02
-1.699703931808471680e-02
-3.786661103367805481e-02
-7.470575161278247833e-03
-2.502043358981609344e-02
-4.127805307507514954e-02
5.154038220643997192e-02
-1.131094470620155334e-01
-8.281434327363967896e-02
-5.548585206270217896e-02
-9.702602773904800415e-02
-3.745776042342185974e-02
-3.971064090728759766e-02
-2.356581389904022217e-02
-6.126310676336288452e-02
-8.024997264146804810e-02
-6.995899230241775513e-02
-7.258703559637069702e-02
-9.722232818603515625e-03
-5.089933797717094421e-02
-1.374975889921188354e-01
-1.363732665777206421e-01
8.261266164481639862e-03
2.772703580558300018e-02
-6.023712456226348877e-02
-6.665585096925497055e-04
-4.481645673513412476e-02
-5.441968888044357300e-02
-3.015116229653358459e-02
-6.869588047266006470e-02
2.045479416847229004e-02
-2.701918408274650574e-02
-5.754324793815612793e-02
-6.333343684673309326e-02
-2.933222614228725433e-02
1.540468819439411163e-02
-1.014812067151069641e-01
2.151424065232276917e-02
-1.453850790858268738e-02
-1.561195589601993561e-02
-4.975846037268638611e-02
2.411284297704696655e-02
5.505487322807312012e-03
-4.064414277672767639e-02
-6.052673980593681335e-02
-1.110462099313735962e-02
-3.076411969959735870e-02
-2.738534472882747650e-02
3.100097924470901489e-02
-7.759813964366912842e-02
-9.860333055257797241e-03
2.120916172862052917e-02
-4.974231496453285217e-02
-3.510676696896553040e-02
-4.692040383815765381e-02
1.856884360313415527e-02
-9.431968443095684052e-03
-4.301400110125541687e-02
-3.140421956777572632e-02
-5.004698038101196289e-02
-2.549472823739051819e-02
-1.116778049618005753e-02
-6.461966037750244141e-02
-1.120404377579689026e-01
8.167547732591629028e-02
-6.364230811595916748e-02
-1.012938693165779114e-01
-3.868242725729942322e-02
-7.180776447057723999e-02
7.845772802829742432e-02
-8.735206909477710724e-03
-1.865366101264953613e-02
-5.131023377180099487e-02
2.204612642526626587e-02
-2.463292516767978668e-02
-3.690325841307640076e-02
-3.279749676585197449e-02
-3.962787613272666931e-02
-1.823511347174644470e-02
3.382961265742778778e-03
-3.732550889253616333e-02
-5.571593716740608215e-02
-6.254537403583526611e-02
-7.294865697622299194e-02
-1.988467760384082794e-02
-2.067322656512260437e-02
-8.326986432075500488e-02
-1.497834362089633942e-02
-5.892508849501609802e-02
-6.183720752596855164e-02
-6.425824761390686035e-02
-2.827433310449123383e-02
1.621415838599205017e-03
-8.179224282503128052e-02
8.864830434322357178e-02
-9.749649092555046082e-03
-2.590170688927173615e-02
1.534527447074651718e-02
-1.433138921856880188e-02
-6.913445889949798584e-02
-1.435568183660507202e-01
2.397915162146091461e-02
-8.603835105895996094e-02
-9.408751502633094788e-03
-1.186120435595512390e-01
-5.160481855273246765e-02
-1.502084285020828247e-01
-6.290294229984283447e-02
-1.103404387831687927e-01
-1.179835293442010880e-02
2.025728300213813782e-02
-1.905272016301751137e-03
4.076285287737846375e-02
-1.281806975603103638e-01
-7.244195044040679932e-02
-1.665819808840751648e-02
-6.229164078831672668e-02
-7.530632615089416504e-02
-7.366169244050979614e-02
-4.389942437410354614e-02
-9.439107961952686310e-04
8.021216839551925659e-03
3.834768012166023254e-02
-6.590699404478073120e-02
-1.274293661117553711e-02
-1.904060319066047668e-02
-4.701470024883747101e-03
-6.330089271068572998e-02
4.017970710992813110e-02
-6.521863490343093872e-02
-6.070385128259658813e-02
-5.153264850378036499e-02
-5.912928283214569092e-02
-5.137675255537033081e-02
-1.969652809202671051e-02
-8.503925055265426636e-02
-5.136683955788612366e-02
-6.096590682864189148e-02
-1.093347184360027313e-02
-1.113367155194282532e-01
-7.570405490696430206e-03
-8.629843592643737793e-02
-7.632927596569061279e-02
-8.018441498279571533e-03
-2.242772839963436127e-02
-3.073767758905887604e-02
-8.710653521120548248e-03
-6.421539932489395142e-02
-6.466311961412429810e-02
-4.155002906918525696e-02
-7.618141174316406250e-02
-3.804900497198104858e-02
-8.678891509771347046e-02
-1.881386712193489075e-02
-7.055325806140899658e-02
-8.327973075211048126e-03
-2.045665751211345196e-04
-1.722169667482376099e-02
-3.020830079913139343e-02
-1.643878780305385590e-02
-3.992868959903717041e-02
-9.192296117544174194e-02
5.944568198174238205e-03
-1.861665956676006317e-02
-3.847564384341239929e-02
1.673200726509094238e-02
-6.197344511747360229e-02
-9.885219484567642212e-02
-3.946023806929588318e-02
-2.810292690992355347e-02
-3.165537118911743164e-02
-6.530737131834030151e-02
-4.551771283149719238e-02
1.762856729328632355e-02
-3.994906693696975708e-02
2.255743835121393204e-03
-6.858642399311065674e-02
-5.287428572773933411e-02
-4.748808965086936951e-02
-6.609025597572326660e-02
2.583489194512367249e-02
-3.843319788575172424e-02
1.336293877102434635e-03
-1.369547545909881592e-01
3.184521943330764771e-02
-6.354479491710662842e-02
3.187363268807530403e-03
-3.415795415639877319e-02
-1.516381185501813889e-02
-4.301073402166366577e-02
9.341989643871784210e-03
-7.941216230392456055e-02
-5.451266840100288391e-02
-1.691090688109397888e-02
6.013692542910575867e-02
-7.163596898317337036e-02
-4.036593437194824219e-02
-3.248447785153985023e-03
-3.145029395818710327e-02
-3.038656339049339294e-02
-2.497003972530364990e-02
8.463306725025177002e-02
-3.357773413881659508e-03
-1.638956740498542786e-02
-1.348140928894281387e-02
2.709161490201950073e-02
-5.820378288626670837e-02
5.820281337946653366e-03
-3.790440410375595093e-02
-8.303608000278472900e-02
-4.439503327012062073e-02
-5.913915112614631653e-02
-3.337861597537994385e-02
-3.799049556255340576e-02
-4.389479383826255798e-02
-8.012586832046508789e-02
-3.632591664791107178e-02
-3.302371129393577576e-02
-6.971935927867889404e-02
-2.576923463493585587e-03
-9.537646174430847168e-02
-6.577455252408981323e-02
-2.687344700098037720e-02
-3.719623014330863953e-02
-1.000215038657188416e-01
1.353614963591098785e-02
-2.391499280929565430e-02
-8.497662842273712158e-03
-9.219794720411300659e-02
-3.788894042372703552e-02
-3.429017215967178345e-02
-4.785601794719696045e-02
-1.038970202207565308e-01
-7.118207216262817383e-02
-8.627085015177726746e-03
-4.176980257034301758e-02
-2.753264270722866058e-02
4.827660508453845978e-03
-3.717048093676567078e-02
2.803063206374645233e-02
9.901788085699081421e-03
-4.927574098110198975e-02
-3.845927491784095764e-02
-4.223986715078353882e-02
-6.013400852680206299e-02
-1.198012307286262512e-01
-4.227664321660995483e-02
-5.869191512465476990e-02
-5.539909377694129944e-02
-2.974195964634418488e-02
-7.388549298048019409e-02
-5.530446767807006836e-02
-7.450035307556390762e-03
-2.766201086342334747e-02
-2.756585925817489624e-02
-4.381292685866355896e-02
-4.286209866404533386e-02
-3.371390281245112419e-03
-4.150559380650520325e-02
-4.701250791549682617e-02
-7.621021009981632233e-03
-1.029594838619232178e-01
-1.032012514770030975e-02
-7.017300277948379517e-02
-1.041785404086112976e-01
-5.909313261508941650e-02
-8.147156238555908203e-02
-5.444998666644096375e-02
-1.298030000180006027e-02
-9.067343920469284058e-02
-8.981557190418243408e-02
-8.382701128721237183e-02
-5.784162506461143494e-02
-5.324395373463630676e-02
-4.831102862954139709e-02
-7.727100700139999390e-02
-5.370625481009483337e-02
-2.936486527323722839e-02
-2.498771250247955322e-02
-3.609717264771461487e-02
2.123386412858963013e-02
2.101037465035915375e-02
-3.487066924571990967e-02
-9.639018774032592773e-02
-4.120999947190284729e-02
-8.965934813022613525e-02
-3.940539062023162842e-02
-1.240860763937234879e-02
-1.299686823040246964e-02
-7.103250175714492798e-02
-9.354247152805328369e-02
-4.278549179434776306e-02
-1.729342341423034668e-02
-4.217066988348960876e-02
1.074354071170091629e-02
8.008455857634544373e-03
6.301423907279968262e-02
-6.506266444921493530e-02
-9.596885740756988525e-02
-2.597884461283683777e-02
-4.987915977835655212e-02
-3.581959381699562073e-02
1.315561006776988506e-03
-7.612479478120803833e-02
-8.524312824010848999e-02
-5.535719171166419983e-02
2.753867581486701965e-02
-6.143487617373466492e-02
-4.534076154232025146e-02
-4.949609283357858658e-03
-2.715612994506955147e-03
-3.056772425770759583e-02
-4.465996846556663513e-02
-3.508809953927993774e-02
-1.272862683981657028e-02
-3.145966678857803345e-02
-9.241486899554729462e-03
-2.251048944890499115e-02
-1.797784492373466492e-02
-2.509645186364650726e-03
-8.652295917272567749e-02
-1.601723209023475647e-02
-1.234946120530366898e-02
-2.748229168355464935e-02
3.181756706908345222e-03
-6.238333880901336670e-02
-3.967611119151115417e-02
-1.256036572158336639e-02
-6.840343773365020752e-02
-1.058523207902908325e-01
-7.333032041788101196e-02
-4.318089038133621216e-02
-2.861249260604381561e-02
-6.800235062837600708e-02
-6.272793561220169067e-02
-5.027866456657648087e-03
6.295108050107955933e-02
-1.151181571185588837e-02
-3.545374795794487000e-02
-1.420006901025772095e-01
-1.370183676481246948e-01
-6.861004978418350220e-02
-3.914915025234222412e-02
-1.348619759082794189e-01
-7.733658701181411743e-02
-1.193727329373359680e-01
-1.644102297723293304e-02
-1.987091451883316040e-02
-1.368656475096940994e-02
-5.893385782837867737e-02
-1.087556704878807068e-01
-1.036272123456001282e-01
-1.522698439657688141e-02
-1.155464053153991699e-01
-4.823435097932815552e-02
5.300007760524749756e-02
3.359006345272064209e-02
-3.610571473836898804e-02
-3.870619460940361023e-02
-5.186035484075546265e-02
-4.401933774352073669e-02
-4.048962891101837158e-02
-7.411108165979385376e-02
-6.179380416870117188e-02
-1.566401496529579163e-02
-2.867558505386114120e-03
-1.057383604347705841e-02
-4.349736869335174561e-02
-4.066318273544311523e-02
6.608834955841302872e-03
3.319741692394018173e-03
-3.629721328616142273e-02
-9.521449357271194458e-02
-3.280942142009735107e-02
-1.694617606699466705e-02
-2.258222550153732300e-02
3.108117170631885529e-02
-1.009241044521331787e-01
-9.012734144926071167e-02
-2.410037443041801453e-02
-2.056499384343624115e-02
-4.741110652685165405e-02
4.948487877845764160e-02
-4.749709367752075195e-02
-2.875034138560295105e-02
1.495884917676448822e-02
1.463730819523334503e-02
-4.674515128135681152e-02
1.508901920169591904e-02
-9.861283749341964722e-02
-3.772277850657701492e-03
2.937170863151550293e-02
-7.327413558959960938e-02
-1.160846799612045288e-01
6.777812540531158447e-02
-2.999791502952575684e-02
-6.210602074861526489e-02
1.998852193355560303e-02
2.878144197165966034e-02
-9.608992189168930054e-02
-3.456191718578338623e-02
-7.578547298908233643e-02
-7.103226333856582642e-02
-1.299716383218765259e-01
-4.662194848060607910e-02
-7.231993228197097778e-02
6.565244495868682861e-02
-1.755628734827041626e-02
-5.085376650094985962e-02
-1.027383655309677124e-02
-9.719379991292953491e-02
-9.336785413324832916e-03
1.827856712043285370e-02
4.470976442098617554e-02
-7.287213206291198730e-02
-4.901359230279922485e-02
-9.515618532896041870e-02
8.275088854134082794e-03
-1.752966083586215973e-02
-5.980893969535827637e-02
-1.484361127950251102e-03
-1.747336052358150482e-02
-5.602500215172767639e-02
-3.436001390218734741e-02
-1.400338113307952881e-02
-4.628569260239601135e-02
-4.340291023254394531e-02
-7.684142887592315674e-02
-3.762809559702873230e-02
-8.391205221414566040e-02
-4.053185507655143738e-02
-1.069343164563179016e-01
-6.601693481206893921e-02
-9.093910455703735352e-02
-3.964420035481452942e-02
-6.359292566776275635e-02
-3.047166205942630768e-02
-9.756658226251602173e-03
-6.890467368066310883e-03
-9.766149520874023438e-02
-6.131143891252577305e-04
-8.471353910863399506e-03
-3.149557113647460938e-02
1.913228631019592285e-02
-4.017841443419456482e-02
-6.097871810197830200e-03
1.389488391578197479e-02
-1.035242807120084763e-02
-8.027058094739913940e-02
-1.259198132902383804e-02
-6.134507060050964355e-02
-8.370205760002136230e-02
-1.289986725896596909e-02
-9.479103982448577881e-02
-8.912947773933410645e-02
-4.410250857472419739e-02
-2.116943337023258209e-02
-7.303113490343093872e-02
-1.044986993074417114e-01
-6.337469071149826050e-02
-4.888823628425598145e-02
-1.985629834234714508e-02
-1.569423638284206390e-02
-2.863772585988044739e-02
-7.120497524738311768e-02
-2.278310060501098633e-02
-2.727368474006652832e-02
-4.819146916270256042e-02
-4.867101088166236877e-02
-2.600518427789211273e-02
1.034410111606121063e-02
-1.883322931826114655e-02
1.251945272088050842e-02
-1.861933246254920959e-02
-2.421889081597328186e-02
-7.148842513561248779e-02
-5.829232186079025269e-02
-5.647053942084312439e-02
2.847679331898689270e-02
-3.074210695922374725e-02
1.688405498862266541e-02
-7.565393298864364624e-02
-8.908663690090179443e-02
-4.237671196460723877e-02
-9.393061511218547821e-03
-3.880905732512474060e-02
-4.151349887251853943e-02
-2.522986195981502533e-02
-2.017990313470363617e-02
2.410349994897842407e-02
7.546129170805215836e-03
7.208224385976791382e-02
6.827674061059951782e-02
-1.743856072425842285e-02
1.712313108146190643e-02
-5.592869594693183899e-02
-2.049492858350276947e-02
-2.136734500527381897e-02
-5.105785652995109558e-02
-1.107519641518592834e-01
-7.763466984033584595e-02
-7.205642014741897583e-02
7.341593038290739059e-03
-5.118628591299057007e-02
-1.631977595388889313e-02
-1.203121989965438843e-01
-3.508837893605232239e-02
-7.848495244979858398e-02
-6.525645405054092407e-02
5.738421902060508728e-02
4.492335487157106400e-03
-4.288284108042716980e-02
-6.302232295274734497e-02
-7.114241272211074829e-02
1.678489707410335541e-02
