-1.429818850010633469e-02
-3.171129152178764343e-02
-2.363262772560119629e-01
-3.837604448199272156e-02
-1.844770908355712891e-01
-1.104572638869285583e-01
2.206116318702697754e-01
1.156281158328056335e-01
2.859546840190887451e-01
-1.454098671674728394e-01
-3.505206108093261719e-02
1.292269974946975708e-01
-5.917830020189285278e-02
2.374715805053710938e-01
-3.478438360616564751e-03
-3.646975755691528320e-01
-8.951660245656967163e-03
2.787031233310699463e-02
5.891907494515180588e-03
9.241073578596115112e-02
-9.920767694711685181e-02
-1.203614696860313416e-01
-5.205947905778884888e-02
-3.906338289380073547e-02
-3.099829424172639847e-03
8.938279747962951660e-02
1.886925660073757172e-02
1.056130900979042053e-01
-1.440281122922897339e-01
-3.201013803482055664e-01
1.540598832070827484e-02
-8.005175739526748657e-02
4.120014607906341553e-02
1.528119593858718872e-01
1.424338966608047485e-01
1.461323052644729614e-01
9.126222133636474609e-02
9.371028095483779907e-02
-8.687049150466918945e-02
7.312685996294021606e-02
5.929042398929595947e-02
8.889951743185520172e-03
-8.234599977731704712e-02
1.413936465978622437e-01
7.219721376895904541e-02
-7.595312595367431641e-02
-1.227743774652481079e-01
1.117060631513595581e-01
-1.094974428415298462e-01
1.356389466673135757e-02
1.293587386608123779e-01
6.818272173404693604e-02
-3.525458276271820068e-02
9.694707393646240234e-02
-8.159088343381881714e-02
1.314671784639358521e-01
3.096382319927215576e-01
-1.706236898899078369e-01
-4.021055102348327637e-01
1.852664351463317871e-02
1.256573647260665894e-01
-1.039528846740722656e-01
-2.272327989339828491e-01
-2.017018198966979980e-01
5.314056575298309326e-02
-3.333960473537445068e-02
-1.196671277284622192e-01
6.392098218202590942e-02
1.585846096277236938e-01
-6.701520178467035294e-03
-3.935094475746154785e-01
-1.480111628770828247e-01
-1.193941682577133179e-01
3.564003109931945801e-02
3.606081753969192505e-02
3.862104611471295357e-03
1.967470906674861908e-02
-5.134200211614370346e-03
4.696186631917953491e-02
-2.725406885147094727e-01
-1.250254064798355103e-01
1.852984912693500519e-02
-1.422230899333953857e-01
-3.115918338298797607e-01
3.008663654327392578e-01
-1.375239044427871704e-01
-3.430896401405334473e-01
-4.674253985285758972e-02
-2.527289986610412598e-01
2.198714762926101685e-02
-2.910169661045074463e-01
-4.740561246871948242e-01
-2.651762366294860840e-01
2.377285361289978027e-01
2.209024876356124878e-02
-2.614119946956634521e-01
1.626806259155273438e-01
1.465000063180923462e-01
-8.295278996229171753e-02
-2.565189301967620850e-01
-2.376136630773544312e-01
-1.257852166891098022e-01
-2.641155123710632324e-01
1.175202727317810059e-01
1.190984845161437988e-01
-1.921315640211105347e-01
-5.298197641968727112e-02
8.557204157114028931e-02
-2.031565271317958832e-02
-1.175731495022773743e-01
6.826430559158325195e-02
-2.487990409135818481e-01
-6.934082508087158203e-02
1.319247782230377197e-01
-2.337984293699264526e-01
-1.763280481100082397e-02
1.496807187795639038e-01
-1.170723810791969299e-01
-2.037066966295242310e-01
-2.270179390907287598e-01
1.407330334186553955e-01
9.050964564085006714e-02
7.898850366473197937e-03
-2.060065269470214844e-01
-1.680261492729187012e-01
1.911827474832534790e-01
2.527090311050415039e-01
-2.507873773574829102e-01
-4.397150501608848572e-02
-2.576190829277038574e-01
-2.149820774793624878e-01
7.795777171850204468e-02
4.433347377926111221e-03
2.375828921794891357e-01
1.307164579629898071e-01
-2.549735009670257568e-01
-1.323370821774005890e-02
1.342933624982833862e-01
-4.154393821954727173e-02
-1.070422008633613586e-01
1.796164661645889282e-01
-3.046530783176422119e-01
-6.419094651937484741e-02
1.062903106212615967e-01
-1.115989014506340027e-01
1.614415496587753296e-01
6.243977323174476624e-02
1.991817802190780640e-01
1.754602640867233276e-01
-2.830490767955780029e-01
1.395447552204132080e-01
-9.226442128419876099e-02
-3.198095858097076416e-01
4.306879267096519470e-02
6.464647501707077026e-02
1.756743490695953369e-01
1.544944755733013153e-02
3.366407006978988647e-03
-2.110548503696918488e-02
-3.234026730060577393e-01
-1.964813470840454102e-01
-2.610772550106048584e-01
-6.724870204925537109e-02
2.525233626365661621e-01
-3.085232079029083252e-01
-1.350821852684020996e-01
3.380516469478607178e-01
-1.212246119976043701e-01
-2.143882215023040771e-01
1.175381988286972046e-01
-2.114629186689853668e-02
1.969953626394271851e-02
-4.688742756843566895e-02
-7.092367857694625854e-02
-1.150402892380952835e-02
9.130945801734924316e-02
2.862496301531791687e-02
-2.390018850564956665e-01
4.460788518190383911e-02
-1.802167668938636780e-02
-1.171287447214126587e-01
-2.527286671102046967e-02
8.324269205331802368e-02
1.131945177912712097e-01
4.267867654561996460e-02
-2.894936129450798035e-02
-6.116015836596488953e-03
-9.302449971437454224e-02
-1.288371682167053223e-01
-1.925682276487350464e-01
-2.125934138894081116e-02
2.644481696188449860e-02
1.002230569720268250e-01
1.195537000894546509e-01
2.415668405592441559e-02
-8.515920490026473999e-02
-1.998623646795749664e-02
3.412386868149042130e-03
2.177888527512550354e-02
-1.845750771462917328e-02
-2.695811986923217773e-01
1.565759927034378052e-01
4.643624648451805115e-02
-3.813971281051635742e-01
1.937349289655685425e-01
-4.871291667222976685e-02
-1.112306267023086548e-01
1.208210512995719910e-01
2.263721376657485962e-01
1.981334537267684937e-01
1.380325201898813248e-02
1.976560615003108978e-02
-2.170587144792079926e-02
-2.065718322992324829e-01
-4.376616179943084717e-01
-1.354255825281143188e-01
-3.132734447717666626e-02
-2.012589424848556519e-01
-1.721701920032501221e-01
4.880074039101600647e-02
2.271608412265777588e-01
1.772736757993698120e-01
-2.398360222578048706e-01
-2.922587394714355469e-01
-1.325746160000562668e-02
-3.146407306194305420e-01
-6.403041630983352661e-02
5.357192829251289368e-02
-9.457224607467651367e-02
3.369356989860534668e-01
9.055593609809875488e-02
8.473857492208480835e-02
1.224965974688529968e-01
-2.060305029153823853e-01
-1.502163857221603394e-01
-5.446836352348327637e-01
-3.841164112091064453e-01
-5.615252852439880371e-01
1.222751215100288391e-01
9.289811551570892334e-02
-2.812303304672241211e-01
1.003910787403583527e-02
1.563122123479843140e-01
1.476201787590980530e-02
6.958100199699401855e-02
-3.256143331527709961e-01
6.362418085336685181e-02
9.981267154216766357e-02
-1.274839341640472412e-01
-3.795269876718521118e-03
1.578558683395385742e-01
1.733902692794799805e-01
1.819680333137512207e-01
4.028157517313957214e-02
-6.444548070430755615e-02
3.612421080470085144e-02
-1.423986852169036865e-01
-4.015855491161346436e-01
-1.413622498512268066e-01
-1.930543035268783569e-01
-7.964022457599639893e-03
2.561837667599320412e-03
-1.511682122945785522e-01
-2.852634899318218231e-02
8.651638776063919067e-02
8.268352597951889038e-02
1.458435058593750000e-01
1.556016653776168823e-01
-1.961328238248825073e-01
-2.653562426567077637e-01
-8.694650232791900635e-02
-1.840628087520599365e-01
6.062369793653488159e-02
-2.827747762203216553e-01
1.048371717333793640e-01
1.205073744058609009e-01
-1.471646479330956936e-03
1.465478092432022095e-01
-6.321191787719726562e-02
2.971942909061908722e-02
1.633979082107543945e-01
1.207832247018814087e-01
-2.163455784320831299e-01
1.570571511983871460e-01
4.736972600221633911e-02
-2.856293916702270508e-01
-1.317733675241470337e-01
9.832305461168289185e-02
